-519.47
615.656
1626.34
2383.86
2787.73
2777.04
2337.45
1503
352.457
-999.262
-2413.66
-3743.62
-4849.12
-5611.69
-5946.33
-5809.58
-5203.28
-4173.67
-2806.25
-1217.08
458.781
2080.22
3513.52
4644.94
5391.19
5706.89
5588.12
5071.56
4229.5
3161.08
1981.08
807.588
-250.043
-1101.62
-1683.92
-1965.41
-1947.54
-1662.75
-1169.64
-545.788
120.809
741.064
1233.83
1533.93
1598.43
1410.63
981.332
347.451
-432.105
-1282.66
-2121.47
-2866.08
-3442.3
-3791.19
-3874.3
-3676.79
-3208.43
-2502.46
-1612.52
-608.085
431.369
1423.08
2288.19
2958.82
3384.42
3536.66
3412.13
3032.41
2441.5
1700.87
882.856
63.1843
-686.251
-1303.75
-1742.65
-1974.33
-1989.45
-1797.31
-1423.83
-908.293
-299.515
348.374
979.976
1542.38
1988.48
2279.93
2389.55
2303.29
2021.52
1559.49
946.957
226.701
-547.971
-1316.84
-2017.4
-2590.29
-2985.09
-3165.69
-3114.65
-2835.68
-2353.78
-1713
-971.988
-198.08
539.514
1176.49
1659.64
1951.8
2035.27
1913.44
1610.33
1168.35
644.142
102.966
-387.956
-766.626
-983.199
-1005.94
-825.457
-456.618
62.1591
672.394
1301.53
1870.94
2304.97
2540.19
2533.41
2267.55
1754.35
1033.61
168.825
-760.06
-1665.73
-2463.2
-3078.8
-3457.49
-3567.7
-3403.46
-2983.86
-2350.09
-1560.79
-685.985
199.409
1022.27
1717.45
2233.08
2534.73
2607.95
2459.11
2114.3
1616.41
1020.46
387.864
-219.92
-747.372
-1149.95
-1397.55
-1476.08
-1387.25
-1146.86
-781.948
-327.697
175.761
686.067
1160.93
1560.14
1847.49
1992.89
1974.65
1781.82
1416.35
894.361
246.445
-483.557
-1241.24
-1965.67
-2594.36
-3068.91
-3340.55
-3375.22
-3157.64
-2693.81
-2011.71
-1159.68
-202.74
783.104
1717.89
2525.37
3140.37
3515.06
3623.31
3462.69
3053.8
2437.28
1668.94
813.842
-59.8754
-886.598
-1607.87
-2175.77
-2555.04
-2724.25
-2676.12
-2417.52
-1969.01
-1364.14
-648.092
124.322
891.705
1590.1
2157.89
2541.2
2699.27
2609.09
2268.77
1698.92
941.87
58.6409
-876.065
-1780.38
-2572.66
-3179.07
-3540.56
-3618.66
-3399.38
-2894.92
-2142.96
-1203.62
-154.143
918.041
1923.36
2778.38
3413.42
3778.81
3848.95
3624.1
3129.55
2412.53
1537.18
578.332
-385.404
-1278.34
-2033.7
-2598.35
-2936
-3028.71
-2877.04
-2498.96
-1927.82
-1209.83
-400.926
436.666
1238.18
1940.39
2485.93
2827.48
2931.78
2782.85
2384.18
1759.58
952.313
22.5384
-956.871
-1905.95
-2744.23
-3397.68
-3805.51
-3926.07
-3741.28
-3259.03
-2513.23
-1561.27
-479.18
645.154
1720.06
2658.56
3386.53
3849.53
4017.68
3887.92
3483.59
2851.27
2055.33
1170.97
276.415
-554.636
-1259.66
-1792.26
-2125.19
-2251.2
-2182.09
-1946.06
-1583.92
-1144.52
-679.766
-239.677
132.25
402.908
552.339
575.087
479.956
288.189
30.3023
-257.969
-540.028
-782.442
-958.123
-1048.29
-1043.11
-941.155
-748.005
-474.531
-135.294
252.493
669.28
1092.89
1498.02
1856.04
2135.77
2305.36
2335.61
2204.14
1899.86
1426.82
806.616
78.548
-702.634
-1471.37
-2157.8
-2695.27
-3027.95
-3117.61
-2948.6
-2530.53
-1898.28
-1109.16
-237.433
633.239
1418.8
2044.08
2451.3
2606.52
2503.34
2163.01
1631.31
972.384
260.686
-427.917
-1024.6
-1474.55
-1741.78
-1811.33
-1688.96
-1398.73
-978.805
-476.383
57.7306
574.157
1029.07
1387.09
1622.81
1721.25
1677.43
1495.54
1188.06
774.86
282.518
-256.533
-805.069
-1322.67
-1767.95
-2101.48
-2289.19
-2305.92
-2138.74
-1789.43
-1275.82
-631.66
95.1613
845.991
1556.13
2160.64
2600.65
2829.63
2818.86
2561.38
2073.82
1395.59
585.518
-283.832
-1133.36
-1885.31
-2470.83
-2836.46
-2948.87
-2797.56
-2395.35
-1776.91
-995.572
-118.642
778.194
1617.15
2324.79
2838.16
3110.22
3114.11
2845.86
2325.22
1594.46
715.048
-237.47
-1180.1
-2029.75
-2710.68
-3161.36
-3340.17
-3229.4
-2837.26
-2197.76
-1368.16
-424.285
546.233
1452.13
2207.54
2740.8
3002.16
2969.36
2650.21
2081.85
1326.57
464.651
-414.756
-1223.52
-1883.83
-2335.84
-2542.76
-2493.19
-2200.63
-1700.68
-1046.31
-301.973
462.757
1179.5
1786.69
2234.19
2486.62
2525.35
2349.22
1974.08
1431.23
764.897
28.9548
-717.15
-1412.86
-2001.2
-2433.31
-2672.49
-2697.32
-2503.63
-2105
-1531.75
-828.488
-50.4488
741.001
1483.32
2117.78
2594.16
2874.73
2937.25
2776.78
2405.96
1853.91
1163.74
388.707
-412.382
-1180.36
-1860.85
-2408.83
-2792.06
-2992.93
-3008.63
-2849.67
-2537.22
-2099.76
-1569.84
-981.276
-367.251
240.793
813.581
1324.17
1748.23
2064.9
2258.16
2318.98
2247.51
2054.96
1764.51
1410.6
1036.44
689.708
416.655
255.455
229.562
342.201
573.081
878.213
1193.4
1441.44
1542.35
1425.46
1041.64
373.692
-557.018
-1688.95
-2924.71
-4141.05
-5203.37
-5982.74
-6373.03
-6305.31
-5757.44
-4757.32
-3379.3
-1734.7
42.0741
1809.24
3432.96
4800.21
5827.66
6466.23
6701.32
6549.6
6053.3
5273.25
4281.62
3155.24
1969.8
795.29
-307.372
-1288.62
-2111.53
-2752.16
-3199.19
-3452.81
-3523.04
-3427.77
-3190.7
-2839.39
-2403.55
-1913.79
-1400.54
-893.308
-419.941
-5.73364
327.673
563.656
692.095
710.731
626.166
454.215
219.423
-46.3842
-306.536
-522.785
-659.149
-685.903
-583.276
-344.373
23.0936
496.564
1040.01
1606.83
2144.04
2597.31
2916.31
3059.94
3000.86
2728.72
2252
1597.91
810.487
-52.9
-926.474
-1741.77
-2433.76
-2946.77
-3239.78
-3290.56
-3098.21
-2683.77
-2088.86
-1372.27
-604.801
137.191
779.117
1255.66
1517.75
1538.32
1315.97
876.149
269.394
-433.268
-1147.33
-1783.51
-2257.18
-2497.54
-2455.65
-2110.35
-1471.7
-581.209
490.982
1652.08
2795.27
3810.36
4595.31
5067.57
5173.7
4896.02
4255.33
3309.08
2145.07
871.497
-395.592
-1545.57
-2485.7
-3151.25
-3511.97
-3574.26
-3378.75
-2993.63
-2504.38
-2001.42
-1567.08
-1264
-1126.36
-1155.51
-1320.62
-1564.37
-1812.8
-1987.83
-2020.48
-1862.48
-1494.42
-929.009
-209.042
599.612
1418.62
2169.6
2786.2
3223.68
3464.37
3518.18
3417.95
3211.02
2948.38
2673.98
2416.14
2182.76
1961.37
1723.72
1433.93
1058.32
575.03
-18.6687
-702.673
-1434.73
-2155.32
-2796.04
-3289.8
-3581.44
-3636.75
-3448.65
-3039.31
-2458.05
-1775.23
-1072.96
-434.192
68.5014
382.613
482.632
373.146
87.6861
-316.453
-766.549
-1184.57
-1497.47
-1646.2
-1592.2
-1320.8
-841.494
-185.501
598.665
1450.77
2304.84
3094.87
3760.04
4248.93
4522.96
4558.66
4349.04
3903.78
3248.29
2421.82
1474.55
464.084
-548.384
-1502.06
-2340.35
-3014.35
-3486.01
-3730.72
-3739.27
-3518.93
-3093.57
-2502.42
-1797.74
-1041.03
-298.269
365.706
893.035
1238.39
1373.54
1290.48
1002.48
543.125
-36.8452
-674.517
-1300.97
-1848
-2254.62
-2472.59
-2470.68
-2237.04
-1779.94
-1126.73
-321.514
578.48
1507.3
2395.38
3175.01
3785.81
4179.84
4325.78
4211.82
3846.74
3259.12
2494.59
1611.39
674.886
-248.39
-1096.32
-1815.83
-2366.11
-2720.5
-2867.14
-2808.72
-2561.74
-2155.4
-1630.12
-1035.49
-427.525
135.187
596.206
906.755
1031.38
952.982
676.265
228.835
-340.629
-967.146
-1576.69
-2094.97
-2456.55
-2612.79
-2537.64
-2230.32
-1714.66
-1035.43
-252.314
567.483
1356.76
2055.07
2613.98
3000.33
3197.73
3206.16
3040.28
2726.63
2300.22
1800.76
1268.84
742.42
253.884
-171.98
-518.998
-779.555
-953.65
-1047.31
-1070.75
-1036.54
-958.278
-849.675
-724.322
-595.801
-477.922
-384.741
-330.075
-326.436
-383.467
-506.151
-693.119
-935.401
-1215.86
-1509.45
-1784.46
-2004.65
-2132.39
-2132.42
-1976.08
-1645.56
-1137.44
-465.331
339.195
1227.55
2137.15
2996.37
3731.15
4272.4
4563.47
4566.71
4268.15
3679.72
2838.72
1804.48
652.803
-531.148
-1660.64
-2654.89
-3445.53
-3981.5
-4232.11
-4188.3
-3862.31
-3286.08
-2508.68
-1592.89
-611.104
359.556
1242.61
1968.11
2478.56
2734.34
2718.01
2436.71
1922.2
1228.33
426.188
-402.769
-1174.65
-1811.35
-2248.13
-2439.75
-2364.59
-2026.39
-1453.66
-696.731
176.92
1088.84
1956.56
2700.77
3252.1
3557.01
3582.26
3317.63
2776.66
1995.41
1029.39
-50.9853
-1165.98
-2232.59
-3170.48
-3907.62
-4385.08
-4561.11
-4414.44
-3946.62
-3183.46
-2175.08
-994.071
268.541
1509.81
2623.73
3511.75
4093.72
4317.91
4168.32
3668.04
2877.57
1888.13
810.654