1420.57
1395.73
1367.49
1335.92
1301.11
1263.15
1222.14
1178.18
1131.39
1081.9
1029.83
975.32
918.511
859.55
798.592
735.794
671.32
605.336
538.013
469.525
400.048
329.762
258.847
187.484
115.857
44.1489
-27.4572
-98.7789
-169.635
-239.846
-309.233
-377.622
-444.84
-510.719
-575.094
-637.804
-698.692
-757.609
-814.408
-868.95
-921.103
-970.738
-1017.74
-1061.99
-1103.38
-1141.83
-1177.23
-1209.51
-1238.59
-1264.42
-1286.93
-1306.08
-1321.82
-1334.14
-1343.02
-1348.43
-1350.38
-1348.89
-1343.95
-1335.61
-1323.89
-1308.85
-1290.52
-1268.98
-1244.29
-1216.53
-1185.78
-1152.14
-1115.71
-1076.59
-1034.91
-990.775
-944.32
-895.676
-844.983
-792.383
-738.025
-682.062
-624.651
-565.951
-506.125
-445.34
-383.762
-321.562
-258.91
-195.978
-132.937
-69.9587
-7.21478
55.1251
116.893
177.921
238.047
297.109
354.949
411.414
466.353
519.621
571.079
620.589
668.025
713.261
756.182
796.676
834.641
869.982
902.608
932.441
959.406
983.441
1004.49
1022.5
1037.44
1049.27
1057.98
1063.55
1065.99
1065.28
1061.46
1054.53
1044.55
1031.54
1015.55
996.649
974.898
950.373
923.156
893.337
861.016
826.297
789.292
750.121
708.908
665.786
620.89
574.363
526.352
477.008
426.487
374.947
322.55
269.461
215.847
161.876
107.718
53.543
-0.478004
-54.1747
-107.378
-159.918
-211.63
-262.349
-311.914
-360.165
-406.95
-452.116
-495.519
-537.018
-576.477
-613.768
-648.768
-681.36
-711.437
-738.896
-763.644
-785.596
-804.675
-820.813
-833.95
-844.036
-851.031
-854.905
-855.635
-853.21
-847.629
-838.9
-827.042
-812.084
-794.063
-773.029
-749.041
-722.165
-692.481
-660.076
-625.046
-587.496
-547.542
-505.305
-460.918
-414.518
-366.252
-316.273
-264.742
-211.824
-157.692
-102.521
-46.4956
10.1998
67.3749
124.837
182.39
239.837
296.979
353.617
409.55
464.579
518.506
571.134
622.269
671.72
719.299
764.822
808.111
848.992
887.298
922.868
955.548
985.192
1011.66
1034.83
1054.58
1070.79
1083.37
1092.23
1097.29
1098.48
1095.75
1089.05
1078.35
1063.63
1044.9
1022.14
995.389
964.672
930.035
891.537
849.25
803.259
753.66
700.564
644.094
584.385
521.583
455.848
387.349
316.268
242.796
167.136
89.4969
10.1008
-70.8239
-153.041
-236.305
-320.367
-404.971
-489.853
-574.749
-659.389
-743.5
-826.807
-909.034
-989.905
-1069.14
-1146.48
-1221.63
-1294.33
-1364.32
-1431.33
-1495.11
-1555.41
-1611.98
-1664.6
-1713.03
-1757.07
-1796.51
-1831.15
-1860.82
-1885.34
-1904.55
-1918.33
-1926.54
-1929.07
-1925.82
-1916.72
-1901.7
-1880.72
-1853.74
-1820.77
-1781.79
-1736.86
-1686
-1629.27
-1566.77
-1498.59
-1424.85
-1345.69
-1261.26
-1171.73
-1077.3
-978.167
-874.567
-766.737
-654.934
-539.431
-420.515
-298.487
-173.663
-46.3692
83.0553
214.261
346.888
480.567
614.923
749.573
884.126
1018.19
1151.36
1283.25
1413.45
1541.56
1667.17
1789.9
1909.35
2025.12
2136.83
2244.11
2346.59
2443.91
2535.72
2621.68
2701.48
2774.8
2841.35
2900.86
2953.06
2997.71
3034.6
3063.51
3084.27
3096.72
3100.72
3096.15
3082.94
3061
3030.31
2990.84
2942.61
2885.64
2820.01
2745.79
2663.09
2572.07
2472.88
2365.7
2250.77
2128.31
1998.58
1861.89
1718.53
1568.85
1413.19
1251.94
1085.48
914.248
738.662
559.175
376.254
190.381
2.04877
-188.236
-379.958
-572.59
-765.6
-958.448
-1150.59
-1341.48
-1530.57
-1717.3
-1901.15
-2081.55
-2257.97
-2429.89
-2596.77
-2758.11
-2913.4
-3062.15
-3203.89
-3338.17
-3464.54
-3582.57
-3691.88
-3792.07
-3882.8
-3963.74
-4034.57
-4095.02
-4144.83
-4183.79
-4211.69
-4228.39
-4233.73
-4227.63
-4210.01
-4180.84
-4140.12
-4087.87
-4024.16
-3949.09
-3862.78
-3765.4
-3657.14
-3538.25
-3408.96
-3269.58
-3120.44
-2961.88
-2794.29
-2618.07
-2433.68
-2241.56
-2042.22
-1836.17
-1623.94
-1406.08
-1183.19
-955.841
-724.654
-490.252
-253.272
-14.3635
225.817
466.604
707.328
947.317
1185.89
1422.39
1656.13
1886.44
2112.68
2334.18
2550.31
2760.44
2963.95
3160.25
3348.76
3528.92
3700.19
3862.06
4014.04
4155.66
4286.5
4406.15
4514.22
4610.39
4694.34
4765.8
4824.53
4870.31
4903
4922.45
4928.57
4921.31
4900.66
4866.63
4819.3
4758.75
4685.13
4598.62
4499.42
4387.8
4264.04
4128.47
3981.43
3823.34
3654.6
3475.69
3287.08
3089.3
2882.89
2668.41
2446.46
2217.67
1982.66
1742.09
1496.63
1246.98
993.833
737.9
479.901
220.565
-39.379
-299.197
-558.155
-815.523
-1070.57
-1322.59
-1570.85
-1814.67
-2053.35
-2286.22
-2512.63
-2731.94
-2943.53
-3146.82
-3341.22
-3526.21
-3701.27
-3865.91
-4019.68
-4162.16
-4292.95
-4411.72
-4518.13
-4611.92
-4692.82
-4760.65
-4815.22
-4856.42
-4884.16
-4898.38
-4899.07
-4886.28
-4860.06
-4820.53
-4767.83
-4702.15
-4623.72
-4532.79
-4429.67
-4314.68
-4188.2
-4050.62
-3902.36
-3743.9
-3575.72
-3398.34
-3212.29
-3018.16
-2816.51
-2607.96
-2393.14
-2172.68
-1947.25
-1717.5
-1484.12
-1247.8
-1009.22
-769.089
-528.09
-286.926
-46.2899
193.13
430.651
665.601
897.318
1125.15
1348.47
1566.66
1779.11
1985.25
2184.53
2376.41
2560.38
2735.96
2902.7
3060.17
3207.99
3345.78
3473.22
3590.01
3695.88
3790.61
3874
3945.9
4006.18
4054.74
4091.55
4116.58
4129.85
4131.42
4121.37
4099.83
4066.95
4022.93
3967.98
3902.36
3826.35
3740.26
3644.44
3539.24
3425.06
3302.32
3171.45
3032.91
2887.17
2734.74
2576.12
2411.84
2242.44
2068.45
1890.45
1708.98
1524.63
1337.95
1149.54
959.947
769.755
579.527
389.825
201.201
14.2012
-170.642
-352.806
-531.785
-707.084
-878.228
-1044.76
-1206.24
-1362.25
-1512.4
-1656.3
-1793.61
-1924
-2047.18
-2162.86
-2270.79
-2370.76
-2462.57
-2546.04
-2621.05
-2687.48
-2745.24
-2794.28
-2834.58
-2866.12
-2888.93
-2903.08
-2908.63
-2905.7
-2894.4
-2874.9
-2847.38
-2812.03
-2769.07
-2718.75
-2661.32
-2597.08
-2526.31
-2449.32
-2366.46
-2278.05
-2184.46
-2086.05
-1983.19
-1876.26
-1765.67
-1651.8
-1535.05
-1415.83
-1294.54
-1171.58
-1047.36
-922.282
-796.74
-671.127
-545.828
-421.223
-297.682
-175.565
-55.2224
63.0076
178.799
291.839
401.83
508.489
611.546
710.752
805.871
896.687
982.999
1064.63
1141.41
1213.19
1279.86
1341.31
1397.44
1448.2
1493.52
1533.38
1567.76
1596.67
1620.14
1638.19
1650.9
1658.33
1660.56
1657.72
1649.91
1637.26
1619.93
1598.07
1571.85
1541.46
1507.07
1468.9
1427.15
1382.04
1333.79
1282.63
1228.78
1172.49
1114
1053.54
991.361
927.705
862.813
796.926
730.282
663.118
595.665
528.151
460.797
393.821
327.431
261.832
197.219
133.778
71.6876
11.118
-47.7712
-104.83
-159.918
-212.905
-263.672
-312.112
-358.126
-401.628
-442.542
-480.804
-516.361
-549.169
-579.198
-606.426
-630.843
-652.447
-671.249
-687.268
-700.533
-711.08
-718.957
-724.218
-726.925
-727.149
-724.965
-720.456
-713.713
-704.83
-693.905
-681.044
-666.354
-649.946
-631.935
-612.438
-591.573
-569.461
-546.221
-521.976
-496.846
-470.952
-444.414
-417.349
-389.875
-362.105
-334.15
-306.12
-278.119
-250.248
-222.606
-195.285
-168.375
-141.959
-116.118
-90.9259
-66.4516
-42.7594
-19.9081
2.04907
23.0642
43.0949
62.1043
80.0607
96.9382
112.716
127.378
140.914
153.318
164.59
174.733
183.757
191.672
198.497
204.251
208.959
212.649
215.35
217.098
217.926
217.876
216.986
215.3
212.862
209.718
205.914
201.497
196.516
191.019
185.054
178.671
171.917
164.839
157.485
149.901
142.13
134.218
126.206
118.134
110.042
101.967
93.9433
86.0051
78.1834
70.5072
63.0035
55.697
48.6102
41.7635
35.1749
28.8602
22.833
17.1049
11.6852
6.58123
1.79825
-2.66035
-6.79306
-10.6001
-14.0835
-17.2467
-20.0948
-22.634
-24.8721
-26.818
-28.4814
-29.8732
-31.0051
-31.8895
-32.5393
-32.968
-33.1895
-33.218
-33.0679
-32.7535
-32.2893
-31.6898
-30.969
-30.141
-29.2193
-28.2172
-27.1474
-26.0223
-24.8536
-23.6523
-22.429
-21.1935
-19.955
-18.722
-17.5021
-16.3024
-15.1292
-13.9881
-12.8839
-11.8208
-10.8024
-9.83149
-8.91031
-8.04052
-7.22318
-6.45885
-5.7476
-5.08902
-4.48232
-3.92631
-3.41951
-2.96012
-2.54609
-2.1752
-1.84504
-1.55306
-1.29666
-1.07317